0 0.5545796737766625 0.1606022584692597 0.7365119196988709 0.1606022584692597 0.7365119196988709 0.2848180677540778 0.5545796737766625 0.2848180677540778
0 0.7085054503601159 0.235764745264136 0.8183173266816413 0.24728059746264702 0.7946313125006128 0.47314366126033025 0.6848194361790875 0.4616278090618192
0 0.8168130489335006 0.3462986198243413 0.890840652446675 0.3462986198243413 0.890840652446675 0.5746549560853199 0.8168130489335006 0.5746549560853199
0 0.7540777917189461 0.5081555834378921 0.8920953575909661 0.5081555834378921 0.8920953575909661 0.7089084065244667 0.7540777917189461 0.7089084065244667
0 0.6624843161856964 0.45294855708908405 0.7804265997490588 0.45294855708908405 0.7804265997490588 0.6549560853199499 0.6624843161856964 0.6549560853199499
0 0.5335944400924372 0.6587412092885693 0.6954435873296276 0.5540152904880433 0.7458834801572763 0.6319678521307798 0.5840343329200859 0.7366937709313058
0 0.4918444165621073 0.6925972396486821 0.6875784190715182 0.6925972396486821 0.6875784190715182 0.7879548306148055 0.4918444165621073 0.7879548306148055
0 0.5462408223193866 0.43966133250324047 0.6911986872989626 0.5635947743178397 0.6382008338914036 0.6255833349998954 0.49324296891182756 0.5016498931852962
0 0.5571775836124738 0.4519667421743924 0.6627742534695453 0.34395182796945256 0.7175032654824456 0.3974555635940059 0.6119065956253741 0.5054704777989458
0 0.45658274902167034 0.3992127461449156 0.596596378811752 0.2485920231889202 0.666378355118856 0.31345977581242596 0.5263647253287742 0.46408049876842133
0 0.46298619824341286 0.15432873274780437 0.560853199498118 0.15432873274780437 0.560853199498118 0.38017565872020065 0.46298619824341286 0.38017565872020065
0 0.3437892095357591 0.1944792973651192 0.4454203262233375 0.1944792973651192 0.4454203262233375 0.424090338770389 0.3437892095357591 0.424090338770389
0 0.342534504391468 0.4077791718946047 0.44040150564617303 0.4077791718946047 0.44040150564617303 0.6185696361355083 0.342534504391468 0.6185696361355083
0 0.2496863237139272 0.3124215809284818 0.370138017565872 0.3124215809284818 0.370138017565872 0.47302383939774156 0.2496863237139272 0.47302383939774156
0 0.17942283563362613 0.23964868255959834 0.35633626097866994 0.23964868255959834 0.35633626097866994 0.36637390213299836 0.17942283563362613 0.36637390213299836
0 0.11668757841907151 0.19196988707653703 0.22459222082810543 0.19196988707653703 0.22459222082810543 0.42785445420326224 0.11668757841907151 0.42785445420326224
0 0.09033877038895859 0.43036386449184444 0.23212045169385195 0.43036386449184444 0.23212045169385195 0.6486825595984944 0.09033877038895859 0.6486825595984944
1 0.17449259287548538 0.6649212195473896 0.27052018900867913 0.7587438699879764 0.09602759613319388 0.9373372497123288 9.516197353929913e-17 0.8435145992717421
