0 0.18913747692295252 0.36999042707097374 0.1657407362593279 0.2673116056601154 0.34580832945258344 0.22628079987195962 0.36920507011620807 0.32895962128281797
0 0.12277243291345645 0.19808143606904918 0.21911996971382694 0.19718121558712096 0.22124687410955704 0.4248165600968838 0.12489933730918655 0.42571678057881196
0 0.45846128247249057 0.46095062961797045 0.38179651966922934 0.4782085952360037 0.3203462060027557 0.20522892742953353 0.397010968806017 0.18797096181150025
0 0.108564393628004 0.4393414701469774 0.22609491857178288 0.44163667308550386 0.22219720138390134 0.6412271927230401 0.10466667644012248 0.6389319897845136
0 0.5628124327144111 0.24492031008063161 0.6389983495179916 0.2760841635568958 0.5622714382956452 0.4636575674504036 0.48608552149206463 0.4324937139741394
0 0.5123456144588231 0.14466992299607745 0.587359686596029 0.16705336066556561 0.5251410090768067 0.3755680862687133 0.4501269369396009 0.3531846485992251
0 0.477384751807105 0.5123562419907127 0.5213697498264988 0.44384275630496367 0.6922840263860547 0.5535680759367726 0.648299028366661 0.6220815616225216
0 0.4891890418871971 0.7801526305267433 0.4989309493271956 0.667088680589704 0.6849239170025255 0.6831143570019707 0.675182009562527 0.7961783069390099
0 0.6056833101528655 0.5125719424284259 0.5530193445672984 0.453824893359493 0.6784812171898063 0.3413542272271458 0.7311451827753734 0.40010127629607867
0 0.6541051050375962 0.47867763547839376 0.7215788440600978 0.4529764711282222 0.7900155056896269 0.6326444964148378 0.7225417666671253 0.6583456607650093
0 0.758355338598404 0.23151722918429787 0.8211644546959354 0.2548409965177466 0.7432243188763251 0.4647278029399157 0.6804152027787937 0.44140403560646696
0 0.5599013608283959 0.1772611788554617 0.7237159186130374 0.1772611788554617 0.7237159186130374 0.28361941016703296 0.5599013608283959 0.28361941016703296
0 0.3750376799008362 0.3861214408018186 0.46226462897760484 0.40143604415900463 0.42324690142515087 0.6236682009397521 0.3360199523483822 0.6083535975825659
0 0.2177326735294562 0.3448516218119395 0.3040036589827918 0.2942804112489643 0.3922868309457018 0.4448853930043872 0.30601584549236616 0.4954566035673624
0 0.7893603732202848 0.3624531512013002 0.8917580583728181 0.3631383969391381 0.8903475606095114 0.5739119893895696 0.7879498754569781 0.5732267436517319
0 0.7387442049302437 0.523355807989191 0.8253387589668336 0.49213895036815963 0.898130938449767 0.6940621034349606 0.8115363844131771 0.7252789610559918
0 0.6851286704274091 0.5503852157278217 0.741296102925076 0.6196450526275817 0.5984438287325377 0.7354935129619635 0.5422763962348708 0.6662336760622035
1 0.21256115224004954 0.664045501549673 0.2886964232734514 0.7576104647147778 0.07613527103340137 0.9305747922741354 -5.075305255429287e-16 0.8370098291090307
