0 0.12278308321964529 0.20054570259208712 0.23192360163710798 0.20054570259208712 0.23192360163710798 0.43110504774897684 0.12278308321964529 0.43110504774897684
0 0.3369713506139155 0.20190995907230555 0.4515688949522512 0.20190995907230555 0.4515688949522512 0.4201909959072306 0.3369713506139155 0.4201909959072306
0 0.12278308321964529 0.20054570259208712 0.23192360163710798 0.20054570259208712 0.23192360163710798 0.43110504774897684 0.12278308321964529 0.43110504774897684
0 0.1773533424283757 0.2373806275579802 0.37107776261937214 0.2373806275579802 0.37107776261937214 0.3669849931787175 0.1773533424283757 0.3669849931787175
0 0.1009549795361528 0.44611186903137795 0.23465211459754437 0.44611186903137795 0.23465211459754437 0.6398362892223739 0.1009549795361528 0.6398362892223739
0 0.34106412005457015 0.41200545702592056 0.4461118690313782 0.41200545702592056 0.4461118690313782 0.6166439290586627 0.34106412005457015 0.6166439290586627
0 0.2551159618008187 0.30832196452933147 0.3710777626193725 0.30832196452933147 0.3710777626193725 0.46657571623465216 0.2551159618008187 0.46657571623465216
0 0.47476125511596184 0.15006821282401087 0.5661664392905867 0.15006821282401087 0.5661664392905867 0.37244201909959057 0.47476125511596184 0.37244201909959057
0 0.5552523874488404 0.17053206002728513 0.728512960436562 0.17053206002728513 0.728512960436562 0.28240109140518416 0.5552523874488404 0.28240109140518416
0 0.6889495225102316 0.24420190995907246 0.8212824010914054 0.24420190995907246 0.8212824010914054 0.461118690313779 0.6889495225102316 0.461118690313779
0 0.5075034106412005 0.46111869031377883 0.6739427012278301 0.46111869031377883 0.6739427012278301 0.608458390177354 0.5075034106412005 0.608458390177354
0 0.5020463847203274 0.2633015006821281 0.6289222373806275 0.2633015006821281 0.6289222373806275 0.45020463847203285 0.5020463847203274 0.45020463847203285
0 0.4952251023192364 0.6889495225102317 0.6807639836289222 0.6889495225102317 0.6807639836289222 0.7939972714870395 0.4952251023192364 0.7939972714870395
0 0.7503410641200545 0.5061391541609823 0.8867667121418839 0.5061391541609823 0.8867667121418839 0.7135061391541601 0.7503410641200545 0.7135061391541601
0 0.5688949522510237 0.35879945429740767 0.703956343792633 0.35879945429740767 0.703956343792633 0.49522510231923605 0.5688949522510237 0.49522510231923605
0 0.7939972714870388 0.3669849931787187 0.9045020463847202 0.3669849931787187 0.9045020463847202 0.5729877216916781 0.7939972714870388 0.5729877216916781
0 0.5306957708049108 0.5702592087312414 0.7162346521145969 0.5702592087312414 0.7162346521145969 0.7094133697135063 0.5306957708049108 0.7094133697135063
0 0.6712141882673931 0.4583901773533425 0.7735334242837638 0.4583901773533425 0.7735334242837638 0.6507503410641203 0.6712141882673931 0.6507503410641203
