0 0.49344978165938863 0.7045123726346434 0.6783114992721979 0.7045123726346434 0.6783114992721979 0.7831149927219797 0.49344978165938863 0.7831149927219797
0 0.10334788937409024 0.43959243085880634 0.2256186317321688 0.43959243085880634 0.2256186317321688 0.643377001455604 0.10334788937409024 0.643377001455604
0 0.34788937409024745 0.4148471615720524 0.44541484716157204 0.4148471615720524 0.44541484716157204 0.6128093158660844 0.34788937409024745 0.6128093158660844
0 0.12809315866084425 0.2037845705967977 0.22561863173216887 0.2037845705967977 0.22561863173216887 0.43085880640465796 0.12809315866084425 0.43085880640465796
0 0.3464337700145558 0.19505094614264898 0.438136826783115 0.19505094614264898 0.438136826783115 0.4628820960698685 0.3464337700145558 0.4628820960698685
0 0.17903930131004367 0.2401746724890826 0.36972343522561857 0.2401746724890826 0.36972343522561857 0.3653566229985438 0.17903930131004367 0.3653566229985438
0 0.21566357620471582 0.354604657694595 0.2943219436272897 0.29813198364762267 0.3920527041427301 0.43425697150842385 0.31339433672015626 0.49072964555539617
0 0.7525473071324601 0.4992721979621543 0.8850072780203785 0.4992721979621543 0.8850072780203785 0.7117903930131005 0.7525473071324601 0.7117903930131005
0 0.66957787481805 0.4512372634643373 0.7743813682678328 0.4512372634643373 0.7743813682678328 0.6521106259097509 0.66957787481805 0.6521106259097509
0 0.5697884239989126 0.41693269520852183 0.7102245467692493 0.561689929448715 0.6315648501414152 0.638001575430942 0.4911287273710786 0.4932443411907488
0 0.7588254668511007 0.22635010174596812 0.8260883076334695 0.2517540931144152 0.7440698437657212 0.46891661676425933 0.6768070029833524 0.4435126253958122
0 0.7889374090247453 0.36390101892285304 0.8966521106259097 0.36390101892285304 0.8966521106259097 0.5705967976710336 0.7889374090247453 0.5705967976710336
0 0.5502183406113537 0.5676855895196506 0.7234352256186317 0.5676855895196506 0.7234352256186317 0.7117903930131003 0.5502183406113537 0.7117903930131003
0 0.47307132459970885 0.15138282387190685 0.5676855895196506 0.15138282387190685 0.5676855895196506 0.37700145560407566 0.47307132459970885 0.37700145560407566
0 0.5662299854439592 0.18049490538573507 0.735080058224163 0.18049490538573507 0.735080058224163 0.2838427947598253 0.5662299854439592 0.2838427947598253
0 0.6678862083188897 0.34769272179342264 0.723424180551918 0.40835121628906906 0.6026961224565791 0.518887944804934 0.5471581502235507 0.4582294503092877
0 0.5914367866476258 0.24529137168585255 0.6515369997056272 0.2875081067119594 0.5304267827024877 0.45992195730671304 0.47032656964448616 0.4177052222806062
1 0.17640978832445597 0.6519853978556011 0.2670814407983944 0.7306815490593951 0.09629593582009943 0.9274561526213478 0.005624283346160989 0.8487600014175538
